<?xml version="1.0"?>
<opencv_storage>
<perspective type_id="opencv-matrix">
  <rows>3</rows>
  <cols>3</cols>
  <dt>d</dt>
  <data>
    -1.4417497469815101e+00 3.5319952338068289e-01
    1.5294444416810531e+03 -1.1554057282042299e-01
    -1.4772379797278061e+00 1.0154511481126787e+03
    1.6014514020130032e-04 3.6965673044233428e-04 1.</data></perspective>
</opencv_storage>
