<?xml version="1.0"?>
<opencv_storage>
<perspective type_id="opencv-matrix">
  <rows>3</rows>
  <cols>3</cols>
  <dt>d</dt>
  <data>
    -1.4458490382240679e+00 2.8713697947156336e-01
    1.6498458864449228e+03 -7.4859346791163919e-02
    -1.5984672285407351e+00 1.1082750152792307e+03
    2.2166894142981397e-04 2.9501429854435543e-04 1.</data></perspective>
</opencv_storage>
