<?xml version="1.0"?>
<opencv_storage>
<perspective type_id="opencv-matrix">
  <rows>3</rows>
  <cols>3</cols>
  <dt>d</dt>
  <data>
    -1.4546712527057537e+00 2.9595035830910166e-01
    1.6672488838037436e+03 -2.2201214525390429e-02
    -1.6428898748788943e+00 1.0122421750706527e+03
    2.7847009708401260e-04 3.5984140045265705e-04 1.</data></perspective>
</opencv_storage>
