<?xml version="1.0"?>
<opencv_storage>
<perspective type_id="opencv-matrix">
  <rows>3</rows>
  <cols>3</cols>
  <dt>d</dt>
  <data>
    -1.3934767738377791e+00 2.0335979452358971e-01
    1.6173296894731322e+03 1.2152323633781866e-03
    -1.3367555997160829e+00 8.3528753450331840e+02
    9.6789373732503411e-05 2.9223718859204686e-04 1.</data></perspective>
</opencv_storage>
