<?xml version="1.0"?>
<opencv_storage>
<perspective type_id="opencv-matrix">
  <rows>3</rows>
  <cols>3</cols>
  <dt>d</dt>
  <data>
    -1.5245989112715375e+00 4.7058919463435500e-01
    1.5888742401012453e+03 -1.1568289211651948e-01
    -1.6796554985229732e+00 1.1978077077284454e+03
    2.6799393281468087e-04 4.6571270742031765e-04 1.</data></perspective>
</opencv_storage>
