<?xml version="1.0"?>
<opencv_storage>
<perspective type_id="opencv-matrix">
  <rows>3</rows>
  <cols>3</cols>
  <dt>d</dt>
  <data>
    6.7737803650439945e+00 1.1228277235534891e+00
    -3.5207459727790624e+03 2.4687772420606457e-01
    -4.5189357343805518e+00 2.7535131285829907e+03
    2.2874484184637950e-03 9.1579108508365041e-04 1.</data></perspective>
</opencv_storage>
