<?xml version="1.0"?>
<opencv_storage>
<perspective type_id="opencv-matrix">
  <rows>3</rows>
  <cols>3</cols>
  <dt>d</dt>
  <data>
    -1.8284143350666897e+00 1.1739417881648867e-02
    2.2194836932490925e+03 3.8962704636359535e-02
    -1.7279959506225524e+00 1.0601888301019708e+03
    4.0455238491712104e-04 2.1408007800527884e-04 1.</data></perspective>
</opencv_storage>
