<?xml version="1.0"?>
<opencv_storage>
<perspective type_id="opencv-matrix">
  <rows>3</rows>
  <cols>3</cols>
  <dt>d</dt>
  <data>
    -1.4740471025922746e+00 3.8401995170338282e-01
    1.5857369434295597e+03 -1.0667471266335621e-01
    -1.5335485546528234e+00 1.0456047575910393e+03
    2.1054430237770931e-04 4.3352974663364536e-04 1.</data></perspective>
</opencv_storage>
