<?xml version="1.0"?>
<opencv_storage>
<perspective type_id="opencv-matrix">
  <rows>3</rows>
  <cols>3</cols>
  <dt>d</dt>
  <data>
    -1.3237271756641065e+00 2.5960020582812043e-01
    1.4933443371747762e+03 -1.4724380256630934e-02
    -1.3070719089347806e+00 8.0389679506956531e+02
    1.6461734052571908e-05 3.1684831737341390e-04 1.</data></perspective>
</opencv_storage>
