<?xml version="1.0"?>
<opencv_storage>
<perspective type_id="opencv-matrix">
  <rows>3</rows>
  <cols>3</cols>
  <dt>d</dt>
  <data>
    1.3416768600859792e+00 -5.0344347470387754e-03
    -4.0048928412699061e+00 -5.9847959921199845e-16
    1.3451380339745700e+00 -5.3805521358983510e+00
    1.8634724839594607e-19 -7.8663042922485596e-06 1.</data></perspective>
</opencv_storage>
